Phase	CPR
-6.28319	2.44929e-16
-6.27062	0.012566
-6.25805	0.0251301
-6.24549	0.0376902
-6.23292	0.0502443
-6.22035	0.0627905
-6.20779	0.0753268
-6.19522	0.0878512
-6.18265	0.100362
-6.17009	0.112856
-6.15752	0.125333
-6.14496	0.13779
-6.13239	0.150226
-6.11982	0.162637
-6.10726	0.175023
-6.09469	0.187381
-6.08212	0.19971
-6.06956	0.212007
-6.05699	0.224271
-6.04442	0.236499
-6.03186	0.24869
-6.01929	0.260842
-6.00673	0.272952
-5.99416	0.285019
-5.98159	0.297042
-5.96903	0.309017
-5.95646	0.320944
-5.94389	0.33282
-5.93133	0.344643
-5.91876	0.356412
-5.90619	0.368125
-5.89363	0.379779
-5.88106	0.391374
-5.8685	0.402906
-5.85593	0.414376
-5.84336	0.425779
-5.8308	0.437116
-5.81823	0.448383
-5.80566	0.45958
-5.7931	0.470704
-5.78053	0.481754
-5.76796	0.492727
-5.7554	0.503623
-5.74283	0.51444
-5.73027	0.525175
-5.7177	0.535827
-5.70513	0.546394
-5.69257	0.556876
-5.68	0.567269
-5.66743	0.577573
-5.65487	0.587785
-5.6423	0.597905
-5.62973	0.60793
-5.61717	0.61786
-5.6046	0.627691
-5.59203	0.637424
-5.57947	0.647056
-5.5669	0.656586
-5.55434	0.666012
-5.54177	0.675333
-5.5292	0.684547
-5.51664	0.693653
-5.50407	0.70265
-5.4915	0.711536
-5.47894	0.720309
-5.46637	0.728969
-5.4538	0.737513
-5.44124	0.745941
-5.42867	0.754251
-5.41611	0.762443
-5.40354	0.770513
-5.39097	0.778462
-5.37841	0.786288
-5.36584	0.79399
-5.35327	0.801567
-5.34071	0.809017
-5.32814	0.816339
-5.31557	0.823533
-5.30301	0.830596
-5.29044	0.837528
-5.27788	0.844328
-5.26531	0.850994
-5.25274	0.857527
-5.24018	0.863923
-5.22761	0.870184
-5.21504	0.876307
-5.20248	0.882291
-5.18991	0.888136
-5.17734	0.893841
-5.16478	0.899405
-5.15221	0.904827
-5.13965	0.910106
-5.12708	0.915241
-5.11451	0.920232
-5.10195	0.925077
-5.08938	0.929776
-5.07681	0.934329
-5.06425	0.938734
-5.05168	0.942991
-5.03911	0.947098
-5.02655	0.951057
-5.01398	0.954865
-5.00142	0.958522
-4.98885	0.962028
-4.97628	0.965382
-4.96372	0.968583
-4.95115	0.971632
-4.93858	0.974527
-4.92602	0.977268
-4.91345	0.979855
-4.90088	0.982287
-4.88832	0.984564
-4.87575	0.986686
-4.86319	0.988652
-4.85062	0.990461
-4.83805	0.992115
-4.82549	0.993611
-4.81292	0.994951
-4.80035	0.996134
-4.78779	0.997159
-4.77522	0.998027
-4.76265	0.998737
-4.75009	0.999289
-4.73752	0.999684
-4.72496	0.999921
-4.71239	1
-4.69982	0.999921
-4.68726	0.999684
-4.67469	0.999289
-4.66212	0.998737
-4.64956	0.998027
-4.63699	0.997159
-4.62442	0.996134
-4.61186	0.994951
-4.59929	0.993611
-4.58673	0.992115
-4.57416	0.990461
-4.56159	0.988652
-4.54903	0.986686
-4.53646	0.984564
-4.52389	0.982287
-4.51133	0.979855
-4.49876	0.977268
-4.48619	0.974527
-4.47363	0.971632
-4.46106	0.968583
-4.4485	0.965382
-4.43593	0.962028
-4.42336	0.958522
-4.4108	0.954865
-4.39823	0.951057
-4.38566	0.947098
-4.3731	0.942991
-4.36053	0.938734
-4.34796	0.934329
-4.3354	0.929776
-4.32283	0.925077
-4.31027	0.920232
-4.2977	0.915241
-4.28513	0.910106
-4.27257	0.904827
-4.26	0.899405
-4.24743	0.893841
-4.23487	0.888136
-4.2223	0.882291
-4.20973	0.876306
-4.19717	0.870183
-4.1846	0.863923
-4.17204	0.857526
-4.15947	0.850993
-4.1469	0.844326
-4.13434	0.837526
-4.12177	0.830593
-4.1092	0.823529
-4.09664	0.816334
-4.08407	0.80901
-4.0715	0.801558
-4.05894	0.793978
-4.04637	0.786272
-4.0338	0.778441
-4.02124	0.770485
-4.00867	0.762405
-3.99611	0.754202
-3.98354	0.745876
-3.97097	0.737429
-3.95841	0.728859
-3.94584	0.720167
-3.93327	0.711353
-3.92071	0.702416
-3.90814	0.693354
-3.89557	0.684166
-3.88301	0.674849
-3.87044	0.665401
-3.85788	0.655818
-3.84531	0.646094
-3.83274	0.636224
-3.82018	0.6262
-3.80761	0.616013
-3.79504	0.605653
-3.78248	0.595109
-3.76991	0.584365
-3.75734	0.573406
-3.74478	0.562213
-3.73221	0.550765
-3.71965	0.539039
-3.70708	0.527008
-3.69451	0.514643
-3.68195	0.501913
-3.66938	0.488782
-3.65681	0.475215
-3.64425	0.461172
-3.63168	0.44661
-3.61911	0.431488
-3.60655	0.415759
-3.59398	0.39938
-3.58142	0.382305
-3.56885	0.364489
-3.55628	0.345889
-3.54372	0.326466
-3.53115	0.306184
-3.51858	0.285011
-3.50602	0.262923
-3.49345	0.239901
-3.48088	0.215938
-3.46832	0.191035
-3.45575	0.165203
-3.44319	0.138468
-3.43062	0.110868
-3.41805	0.0824531
-3.40549	0.0532902
-3.39292	0.0234596
-3.38035	-0.00694327
-3.36779	-0.0378089
-3.35522	-0.0690139
-3.34265	-0.100422
-3.33009	-0.131886
-3.31752	-0.163247
-3.30496	-0.194341
-3.29239	-0.224997
-3.27982	-0.255038
-3.26726	-0.284291
-3.25469	-0.312582
-3.24212	-0.339743
-3.22956	-0.365614
-3.21699	-0.390045
-3.20442	-0.4129
-3.19186	-0.434058
-3.17929	-0.453418
-3.16673	-0.470898
-3.15416	-0.486438
-3.14159	-0.5
-3.12903	-0.51157
-3.11646	-0.521159
-3.10389	-0.528799
-3.09133	-0.534547
-3.07876	-0.538481
-3.06619	-0.540698
-3.05363	-0.541316
-3.04106	-0.540467
-3.0285	-0.538295
-3.01593	-0.534958
-3.00336	-0.530619
-2.9908	-0.525448
-2.97823	-0.519616
-2.96566	-0.513294
-2.9531	-0.506648
-2.94053	-0.499842
-2.92796	-0.493028
-2.9154	-0.48635
-2.90283	-0.479941
-2.89027	-0.47392
-2.8777	-0.468393
-2.86513	-0.463451
-2.85257	-0.459171
-2.84	-0.455615
-2.82743	-0.452831
-2.81487	-0.450853
-2.8023	-0.449701
-2.78973	-0.449385
-2.77717	-0.449901
-2.7646	-0.451238
-2.75204	-0.453374
-2.73947	-0.456281
-2.7269	-0.459924
-2.71434	-0.464263
-2.70177	-0.469254
-2.6892	-0.474851
-2.67664	-0.481007
-2.66407	-0.487672
-2.6515	-0.494798
-2.63894	-0.502336
-2.62637	-0.510239
-2.61381	-0.518464
-2.60124	-0.526966
-2.58867	-0.535706
-2.57611	-0.544646
-2.56354	-0.55375
-2.55097	-0.562986
-2.53841	-0.572325
-2.52584	-0.581739
-2.51327	-0.591205
-2.50071	-0.600701
-2.48814	-0.610207
-2.47558	-0.619706
-2.46301	-0.629183
-2.45044	-0.638624
-2.43788	-0.648018
-2.42531	-0.657354
-2.41274	-0.666622
-2.40018	-0.675816
-2.38761	-0.684928
-2.37504	-0.693953
-2.36248	-0.702884
-2.34991	-0.711718
-2.33734	-0.720451
-2.32478	-0.729078
-2.31221	-0.737598
-2.29965	-0.746006
-2.28708	-0.754301
-2.27451	-0.76248
-2.26195	-0.770542
-2.24938	-0.778484
-2.23681	-0.786305
-2.22425	-0.794003
-2.21168	-0.801576
-2.19911	-0.809024
-2.18655	-0.816344
-2.17398	-0.823536
-2.16142	-0.830599
-2.14885	-0.83753
-2.13628	-0.844329
-2.12372	-0.850996
-2.11115	-0.857527
-2.09858	-0.863924
-2.08602	-0.870184
-2.07345	-0.876307
-2.06088	-0.882291
-2.04832	-0.888137
-2.03575	-0.893842
-2.02319	-0.899405
-2.01062	-0.904827
-1.99805	-0.910106
-1.98549	-0.915241
-1.97292	-0.920232
-1.96035	-0.925077
-1.94779	-0.929776
-1.93522	-0.934329
-1.92265	-0.938734
-1.91009	-0.942991
-1.89752	-0.947098
-1.88496	-0.951057
-1.87239	-0.954865
-1.85982	-0.958522
-1.84726	-0.962028
-1.83469	-0.965382
-1.82212	-0.968583
-1.80956	-0.971632
-1.79699	-0.974527
-1.78442	-0.977268
-1.77186	-0.979855
-1.75929	-0.982287
-1.74673	-0.984564
-1.73416	-0.986686
-1.72159	-0.988652
-1.70903	-0.990461
-1.69646	-0.992115
-1.68389	-0.993611
-1.67133	-0.994951
-1.65876	-0.996134
-1.64619	-0.997159
-1.63363	-0.998027
-1.62106	-0.998737
-1.6085	-0.999289
-1.59593	-0.999684
-1.58336	-0.999921
-1.5708	-1
-1.55823	-0.999921
-1.54566	-0.999684
-1.5331	-0.999289
-1.52053	-0.998737
-1.50796	-0.998027
-1.4954	-0.997159
-1.48283	-0.996134
-1.47027	-0.994951
-1.4577	-0.993611
-1.44513	-0.992115
-1.43257	-0.990461
-1.42	-0.988652
-1.40743	-0.986686
-1.39487	-0.984564
-1.3823	-0.982287
-1.36973	-0.979855
-1.35717	-0.977268
-1.3446	-0.974527
-1.33204	-0.971632
-1.31947	-0.968583
-1.3069	-0.965382
-1.29434	-0.962028
-1.28177	-0.958522
-1.2692	-0.954865
-1.25664	-0.951057
-1.24407	-0.947098
-1.2315	-0.942991
-1.21894	-0.938734
-1.20637	-0.934329
-1.19381	-0.929776
-1.18124	-0.925077
-1.16867	-0.920232
-1.15611	-0.915241
-1.14354	-0.910106
-1.13097	-0.904827
-1.11841	-0.899405
-1.10584	-0.893841
-1.09327	-0.888136
-1.08071	-0.882291
-1.06814	-0.876307
-1.05558	-0.870184
-1.04301	-0.863923
-1.03044	-0.857527
-1.01788	-0.850994
-1.00531	-0.844328
-0.992743	-0.837528
-0.980177	-0.830596
-0.967611	-0.823533
-0.955044	-0.816339
-0.942478	-0.809017
-0.929911	-0.801567
-0.917345	-0.79399
-0.904779	-0.786288
-0.892212	-0.778462
-0.879646	-0.770513
-0.86708	-0.762443
-0.854513	-0.754251
-0.841947	-0.745941
-0.82938	-0.737513
-0.816814	-0.728969
-0.804248	-0.720309
-0.791681	-0.711536
-0.779115	-0.70265
-0.766549	-0.693653
-0.753982	-0.684547
-0.741416	-0.675333
-0.728849	-0.666012
-0.716283	-0.656586
-0.703717	-0.647056
-0.69115	-0.637424
-0.678584	-0.627691
-0.666018	-0.61786
-0.653451	-0.60793
-0.640885	-0.597905
-0.628319	-0.587785
-0.615752	-0.577573
-0.603186	-0.567269
-0.590619	-0.556876
-0.578053	-0.546394
-0.565487	-0.535827
-0.55292	-0.525175
-0.540354	-0.51444
-0.527788	-0.503623
-0.515221	-0.492727
-0.502655	-0.481754
-0.490088	-0.470704
-0.477522	-0.45958
-0.464956	-0.448383
-0.452389	-0.437116
-0.439823	-0.425779
-0.427257	-0.414376
-0.41469	-0.402906
-0.402124	-0.391374
-0.389557	-0.379779
-0.376991	-0.368125
-0.364425	-0.356412
-0.351858	-0.344643
-0.339292	-0.33282
-0.326726	-0.320944
-0.314159	-0.309017
-0.301593	-0.297042
-0.289027	-0.285019
-0.27646	-0.272952
-0.263894	-0.260842
-0.251327	-0.24869
-0.238761	-0.236499
-0.226195	-0.224271
-0.213628	-0.212007
-0.201062	-0.19971
-0.188496	-0.187381
-0.175929	-0.175023
-0.163363	-0.162637
-0.150796	-0.150226
-0.13823	-0.13779
-0.125664	-0.125333
-0.113097	-0.112856
-0.100531	-0.100362
-0.0879646	-0.0878512
-0.0753982	-0.0753268
-0.0628319	-0.0627905
-0.0502655	-0.0502443
-0.0376991	-0.0376902
-0.0251327	-0.0251301
-0.0125664	-0.012566
0	0
0.0125664	0.012566
0.0251327	0.0251301
0.0376991	0.0376902
0.0502655	0.0502443
0.0628319	0.0627905
0.0753982	0.0753268
0.0879646	0.0878512
0.100531	0.100362
0.113097	0.112856
0.125664	0.125333
0.13823	0.13779
0.150796	0.150226
0.163363	0.162637
0.175929	0.175023
0.188496	0.187381
0.201062	0.19971
0.213628	0.212007
0.226195	0.224271
0.238761	0.236499
0.251327	0.24869
0.263894	0.260842
0.27646	0.272952
0.289027	0.285019
0.301593	0.297042
0.314159	0.309017
0.326726	0.320944
0.339292	0.33282
0.351858	0.344643
0.364425	0.356412
0.376991	0.368125
0.389557	0.379779
0.402124	0.391374
0.41469	0.402906
0.427257	0.414376
0.439823	0.425779
0.452389	0.437116
0.464956	0.448383
0.477522	0.45958
0.490088	0.470704
0.502655	0.481754
0.515221	0.492727
0.527788	0.503623
0.540354	0.51444
0.55292	0.525175
0.565487	0.535827
0.578053	0.546394
0.590619	0.556876
0.603186	0.567269
0.615752	0.577573
0.628319	0.587785
0.640885	0.597905
0.653451	0.60793
0.666018	0.61786
0.678584	0.627691
0.69115	0.637424
0.703717	0.647056
0.716283	0.656586
0.728849	0.666012
0.741416	0.675333
0.753982	0.684547
0.766549	0.693653
0.779115	0.70265
0.791681	0.711536
0.804248	0.720309
0.816814	0.728969
0.82938	0.737513
0.841947	0.745941
0.854513	0.754251
0.86708	0.762443
0.879646	0.770513
0.892212	0.778462
0.904779	0.786288
0.917345	0.79399
0.929911	0.801567
0.942478	0.809017
0.955044	0.816339
0.967611	0.823533
0.980177	0.830596
0.992743	0.837528
1.00531	0.844328
1.01788	0.850994
1.03044	0.857527
1.04301	0.863923
1.05558	0.870184
1.06814	0.876307
1.08071	0.882291
1.09327	0.888136
1.10584	0.893841
1.11841	0.899405
1.13097	0.904827
1.14354	0.910106
1.15611	0.915241
1.16867	0.920232
1.18124	0.925077
1.19381	0.929776
1.20637	0.934329
1.21894	0.938734
1.2315	0.942991
1.24407	0.947098
1.25664	0.951057
1.2692	0.954865
1.28177	0.958522
1.29434	0.962028
1.3069	0.965382
1.31947	0.968583
1.33204	0.971632
1.3446	0.974527
1.35717	0.977268
1.36973	0.979855
1.3823	0.982287
1.39487	0.984564
1.40743	0.986686
1.42	0.988652
1.43257	0.990461
1.44513	0.992115
1.4577	0.993611
1.47027	0.994951
1.48283	0.996134
1.4954	0.997159
1.50796	0.998027
1.52053	0.998737
1.5331	0.999289
1.54566	0.999684
1.55823	0.999921
1.5708	1
1.58336	0.999921
1.59593	0.999684
1.6085	0.999289
1.62106	0.998737
1.63363	0.998027
1.64619	0.997159
1.65876	0.996134
1.67133	0.994951
1.68389	0.993611
1.69646	0.992115
1.70903	0.990461
1.72159	0.988652
1.73416	0.986686
1.74673	0.984564
1.75929	0.982287
1.77186	0.979855
1.78442	0.977268
1.79699	0.974527
1.80956	0.971632
1.82212	0.968583
1.83469	0.965382
1.84726	0.962028
1.85982	0.958522
1.87239	0.954865
1.88496	0.951057
1.89752	0.947098
1.91009	0.942991
1.92265	0.938734
1.93522	0.934329
1.94779	0.929776
1.96035	0.925077
1.97292	0.920232
1.98549	0.915241
1.99805	0.910106
2.01062	0.904827
2.02319	0.899405
2.03575	0.893842
2.04832	0.888137
2.06088	0.882291
2.07345	0.876307
2.08602	0.870184
2.09858	0.863924
2.11115	0.857527
2.12372	0.850996
2.13628	0.844329
2.14885	0.83753
2.16142	0.830599
2.17398	0.823536
2.18655	0.816344
2.19911	0.809024
2.21168	0.801576
2.22425	0.794003
2.23681	0.786305
2.24938	0.778484
2.26195	0.770542
2.27451	0.76248
2.28708	0.754301
2.29965	0.746006
2.31221	0.737598
2.32478	0.729078
2.33734	0.720451
2.34991	0.711718
2.36248	0.702884
2.37504	0.693953
2.38761	0.684928
2.40018	0.675816
2.41274	0.666622
2.42531	0.657354
2.43788	0.648018
2.45044	0.638624
2.46301	0.629183
2.47558	0.619706
2.48814	0.610207
2.50071	0.600701
2.51327	0.591205
2.52584	0.581739
2.53841	0.572325
2.55097	0.562986
2.56354	0.55375
2.57611	0.544646
2.58867	0.535706
2.60124	0.526966
2.61381	0.518464
2.62637	0.510239
2.63894	0.502336
2.6515	0.494798
2.66407	0.487672
2.67664	0.481007
2.6892	0.474851
2.70177	0.469254
2.71434	0.464263
2.7269	0.459924
2.73947	0.456281
2.75204	0.453374
2.7646	0.451238
2.77717	0.449901
2.78973	0.449385
2.8023	0.449701
2.81487	0.450853
2.82743	0.452831
2.84	0.455615
2.85257	0.459171
2.86513	0.463451
2.8777	0.468393
2.89027	0.47392
2.90283	0.479941
2.9154	0.48635
2.92796	0.493028
2.94053	0.499842
2.9531	0.506648
2.96566	0.513294
2.97823	0.519616
2.9908	0.525448
3.00336	0.530619
3.01593	0.534958
3.0285	0.538295
3.04106	0.540467
3.05363	0.541316
3.06619	0.540698
3.07876	0.538481
3.09133	0.534547
3.10389	0.528799
3.11646	0.521159
3.12903	0.51157
3.14159	0.5
3.15416	0.486438
3.16673	0.470898
3.17929	0.453418
3.19186	0.434058
3.20442	0.4129
3.21699	0.390045
3.22956	0.365614
3.24212	0.339743
3.25469	0.312582
3.26726	0.284291
3.27982	0.255038
3.29239	0.224997
3.30496	0.194341
3.31752	0.163247
3.33009	0.131886
3.34265	0.100422
3.35522	0.0690139
3.36779	0.0378089
3.38035	0.00694327
3.39292	-0.0234596
3.40549	-0.0532902
3.41805	-0.0824531
3.43062	-0.110868
3.44319	-0.138468
3.45575	-0.165203
3.46832	-0.191035
3.48088	-0.215938
3.49345	-0.239901
3.50602	-0.262923
3.51858	-0.285011
3.53115	-0.306184
3.54372	-0.326466
3.55628	-0.345889
3.56885	-0.364489
3.58142	-0.382305
3.59398	-0.39938
3.60655	-0.415759
3.61911	-0.431488
3.63168	-0.44661
3.64425	-0.461172
3.65681	-0.475215
3.66938	-0.488782
3.68195	-0.501913
3.69451	-0.514643
3.70708	-0.527008
3.71965	-0.539039
3.73221	-0.550765
3.74478	-0.562213
3.75734	-0.573406
3.76991	-0.584365
3.78248	-0.595109
3.79504	-0.605653
3.80761	-0.616013
3.82018	-0.6262
3.83274	-0.636224
3.84531	-0.646094
3.85788	-0.655818
3.87044	-0.665401
3.88301	-0.674849
3.89557	-0.684166
3.90814	-0.693354
3.92071	-0.702416
3.93327	-0.711353
3.94584	-0.720167
3.95841	-0.728859
3.97097	-0.737429
3.98354	-0.745876
3.99611	-0.754202
4.00867	-0.762405
4.02124	-0.770485
4.0338	-0.778441
4.04637	-0.786272
4.05894	-0.793978
4.0715	-0.801558
4.08407	-0.80901
4.09664	-0.816334
4.1092	-0.823529
4.12177	-0.830593
4.13434	-0.837526
4.1469	-0.844326
4.15947	-0.850993
4.17204	-0.857526
4.1846	-0.863923
4.19717	-0.870183
4.20973	-0.876306
4.2223	-0.882291
4.23487	-0.888136
4.24743	-0.893841
4.26	-0.899405
4.27257	-0.904827
4.28513	-0.910106
4.2977	-0.915241
4.31027	-0.920232
4.32283	-0.925077
4.3354	-0.929776
4.34796	-0.934329
4.36053	-0.938734
4.3731	-0.942991
4.38566	-0.947098
4.39823	-0.951057
4.4108	-0.954865
4.42336	-0.958522
4.43593	-0.962028
4.4485	-0.965382
4.46106	-0.968583
4.47363	-0.971632
4.48619	-0.974527
4.49876	-0.977268
4.51133	-0.979855
4.52389	-0.982287
4.53646	-0.984564
4.54903	-0.986686
4.56159	-0.988652
4.57416	-0.990461
4.58673	-0.992115
4.59929	-0.993611
4.61186	-0.994951
4.62442	-0.996134
4.63699	-0.997159
4.64956	-0.998027
4.66212	-0.998737
4.67469	-0.999289
4.68726	-0.999684
4.69982	-0.999921
4.71239	-1
4.72496	-0.999921
4.73752	-0.999684
4.75009	-0.999289
4.76265	-0.998737
4.77522	-0.998027
4.78779	-0.997159
4.80035	-0.996134
4.81292	-0.994951
4.82549	-0.993611
4.83805	-0.992115
4.85062	-0.990461
4.86319	-0.988652
4.87575	-0.986686
4.88832	-0.984564
4.90088	-0.982287
4.91345	-0.979855
4.92602	-0.977268
4.93858	-0.974527
4.95115	-0.971632
4.96372	-0.968583
4.97628	-0.965382
4.98885	-0.962028
5.00142	-0.958522
5.01398	-0.954865
5.02655	-0.951057
5.03911	-0.947098
5.05168	-0.942991
5.06425	-0.938734
5.07681	-0.934329
5.08938	-0.929776
5.10195	-0.925077
5.11451	-0.920232
5.12708	-0.915241
5.13965	-0.910106
5.15221	-0.904827
5.16478	-0.899405
5.17734	-0.893841
5.18991	-0.888136
5.20248	-0.882291
5.21504	-0.876307
5.22761	-0.870184
5.24018	-0.863923
5.25274	-0.857527
5.26531	-0.850994
5.27788	-0.844328
5.29044	-0.837528
5.30301	-0.830596
5.31557	-0.823533
5.32814	-0.816339
5.34071	-0.809017
5.35327	-0.801567
5.36584	-0.79399
5.37841	-0.786288
5.39097	-0.778462
5.40354	-0.770513
5.41611	-0.762443
5.42867	-0.754251
5.44124	-0.745941
5.4538	-0.737513
5.46637	-0.728969
5.47894	-0.720309
5.4915	-0.711536
5.50407	-0.70265
5.51664	-0.693653
5.5292	-0.684547
5.54177	-0.675333
5.55434	-0.666012
5.5669	-0.656586
5.57947	-0.647056
5.59203	-0.637424
5.6046	-0.627691
5.61717	-0.61786
5.62973	-0.60793
5.6423	-0.597905
5.65487	-0.587785
5.66743	-0.577573
5.68	-0.567269
5.69257	-0.556876
5.70513	-0.546394
5.7177	-0.535827
5.73027	-0.525175
5.74283	-0.51444
5.7554	-0.503623
5.76796	-0.492727
5.78053	-0.481754
5.7931	-0.470704
5.80566	-0.45958
5.81823	-0.448383
5.8308	-0.437116
5.84336	-0.425779
5.85593	-0.414376
5.8685	-0.402906
5.88106	-0.391374
5.89363	-0.379779
5.90619	-0.368125
5.91876	-0.356412
5.93133	-0.344643
5.94389	-0.33282
5.95646	-0.320944
5.96903	-0.309017
5.98159	-0.297042
5.99416	-0.285019
6.00673	-0.272952
6.01929	-0.260842
6.03186	-0.24869
6.04442	-0.236499
6.05699	-0.224271
6.06956	-0.212007
6.08212	-0.19971
6.09469	-0.187381
6.10726	-0.175023
6.11982	-0.162637
6.13239	-0.150226
6.14496	-0.13779
6.15752	-0.125333
6.17009	-0.112856
6.18265	-0.100362
6.19522	-0.0878512
6.20779	-0.0753268
6.22035	-0.0627905
6.23292	-0.0502443
6.24549	-0.0376902
6.25805	-0.0251301
6.27062	-0.012566
6.28319	2.44929e-16
