Phase	potential
-6.28319	3.07787e-18
-6.27062	0.00015791
-6.25805	0.000473704
-6.24549	0.000947332
-6.23292	0.00157872
-6.22035	0.00157872
-6.20779	0.00236777
-6.19522	0.00331435
-6.18265	0.00441833
-6.17009	0.00567951
-6.15752	0.0070977
-6.14496	0.00867269
-6.13239	0.0104042
-6.11982	0.012292
-6.10726	0.0143358
-6.09469	0.0165352
-6.08212	0.0188899
-6.06956	0.0213995
-6.05699	0.0240637
-6.04442	0.0268819
-6.03186	0.0298539
-6.01929	0.032979
-6.00673	0.0362568
-5.99416	0.0396868
-5.98159	0.0432685
-5.96903	0.0470012
-5.95646	0.0508845
-5.94389	0.0549175
-5.93133	0.0590999
-5.91876	0.0634308
-5.90619	0.0679096
-5.89363	0.0725356
-5.88106	0.077308
-5.8685	0.0822262
-5.85593	0.0872892
-5.84336	0.0924964
-5.8308	0.0978469
-5.81823	0.10334
-5.80566	0.108974
-5.7931	0.11475
-5.78053	0.120665
-5.76796	0.126719
-5.7554	0.13291
-5.74283	0.139239
-5.73027	0.145704
-5.7177	0.152303
-5.70513	0.159037
-5.69257	0.165903
-5.68	0.172901
-5.66743	0.180029
-5.65487	0.187287
-5.6423	0.194674
-5.62973	0.202187
-5.61717	0.209827
-5.6046	0.217591
-5.59203	0.225479
-5.57947	0.233489
-5.5669	0.24162
-5.55434	0.249871
-5.54177	0.25824
-5.5292	0.266727
-5.51664	0.275329
-5.50407	0.284046
-5.4915	0.292875
-5.47894	0.301817
-5.46637	0.310868
-5.4538	0.320029
-5.44124	0.329297
-5.42867	0.338671
-5.41611	0.348149
-5.40354	0.35773
-5.39097	0.367413
-5.37841	0.377195
-5.36584	0.387076
-5.35327	0.397053
-5.34071	0.407126
-5.32814	0.417293
-5.31557	0.427551
-5.30301	0.4379
-5.29044	0.448337
-5.27788	0.458862
-5.26531	0.469472
-5.25274	0.480166
-5.24018	0.490942
-5.22761	0.501798
-5.21504	0.512734
-5.20248	0.523746
-5.18991	0.534833
-5.17734	0.545993
-5.16478	0.557226
-5.15221	0.568528
-5.13965	0.579898
-5.12708	0.591335
-5.11451	0.602836
-5.10195	0.6144
-5.08938	0.626025
-5.07681	0.637709
-5.06425	0.64945
-5.05168	0.661247
-5.03911	0.673097
-5.02655	0.684998
-5.01398	0.69695
-5.00142	0.708949
-4.98885	0.720994
-4.97628	0.733083
-4.96372	0.745214
-4.95115	0.757386
-4.93858	0.769596
-4.92602	0.781842
-4.91345	0.794123
-4.90088	0.806436
-4.88832	0.81878
-4.87575	0.831152
-4.86319	0.843551
-4.85062	0.855975
-4.83805	0.868422
-4.82549	0.880889
-4.81292	0.893375
-4.80035	0.905878
-4.78779	0.918396
-4.77522	0.930926
-4.76265	0.943468
-4.75009	0.956018
-4.73752	0.968576
-4.72496	0.981138
-4.71239	0.993704
-4.69982	1.00627
-4.68726	1.01884
-4.67469	1.0314
-4.66212	1.04396
-4.64956	1.05651
-4.63699	1.06905
-4.62442	1.08158
-4.61186	1.0941
-4.59929	1.1066
-4.58673	1.11908
-4.57416	1.13155
-4.56159	1.144
-4.54903	1.15642
-4.53646	1.16882
-4.52389	1.18119
-4.51133	1.19354
-4.49876	1.20585
-4.48619	1.21813
-4.47363	1.23038
-4.46106	1.24259
-4.4485	1.25476
-4.43593	1.26689
-4.42336	1.27898
-4.4108	1.29102
-4.39823	1.30302
-4.38566	1.31498
-4.3731	1.32688
-4.36053	1.33873
-4.34796	1.35052
-4.3354	1.36226
-4.32283	1.37395
-4.31027	1.38557
-4.2977	1.39714
-4.28513	1.40864
-4.27257	1.42008
-4.26	1.43145
-4.24743	1.44275
-4.23487	1.45398
-4.2223	1.46514
-4.20973	1.47623
-4.19717	1.48724
-4.1846	1.49818
-4.17204	1.50903
-4.15947	1.51981
-4.1469	1.5305
-4.13434	1.54111
-4.12177	1.55164
-4.1092	1.56207
-4.09664	1.57242
-4.08407	1.58268
-4.0715	1.59285
-4.05894	1.60292
-4.04637	1.6129
-4.0338	1.62278
-4.02124	1.63256
-4.00867	1.64224
-3.99611	1.65182
-3.98354	1.6613
-3.97097	1.67067
-3.95841	1.67994
-3.94584	1.6891
-3.93327	1.69815
-3.92071	1.70709
-3.90814	1.71592
-3.89557	1.72463
-3.88301	1.73323
-3.87044	1.74171
-3.85788	1.75007
-3.84531	1.75831
-3.83274	1.76643
-3.82018	1.77442
-3.80761	1.78229
-3.79504	1.79003
-3.78248	1.79764
-3.76991	1.80512
-3.75734	1.81247
-3.74478	1.81967
-3.73221	1.82674
-3.71965	1.83366
-3.70708	1.84043
-3.69451	1.84705
-3.68195	1.85352
-3.66938	1.85983
-3.65681	1.86597
-3.64425	1.87194
-3.63168	1.87774
-3.61911	1.88335
-3.60655	1.88877
-3.59398	1.894
-3.58142	1.89902
-3.56885	1.90382
-3.55628	1.9084
-3.54372	1.91275
-3.53115	1.91685
-3.51858	1.9207
-3.50602	1.92428
-3.49345	1.92758
-3.48088	1.9306
-3.46832	1.93331
-3.45575	1.93571
-3.44319	1.93779
-3.43062	1.93953
-3.41805	1.94092
-3.40549	1.94196
-3.39292	1.94263
-3.38035	1.94292
-3.36779	1.94283
-3.35522	1.94236
-3.34265	1.94149
-3.33009	1.94023
-3.31752	1.93857
-3.30496	1.93652
-3.29239	1.93408
-3.27982	1.93125
-3.26726	1.92805
-3.25469	1.92447
-3.24212	1.92055
-3.22956	1.91628
-3.21699	1.91168
-3.20442	1.90678
-3.19186	1.90159
-3.17929	1.89614
-3.16673	1.89044
-3.15416	1.88452
-3.14159	1.87841
-3.12903	1.87213
-3.11646	1.8657
-3.10389	1.85915
-3.09133	1.8525
-3.07876	1.84579
-3.06619	1.83902
-3.05363	1.83222
-3.04106	1.82542
-3.0285	1.81863
-3.01593	1.81187
-3.00336	1.80514
-2.9908	1.79848
-2.97823	1.79187
-2.96566	1.78534
-2.9531	1.77889
-2.94053	1.77253
-2.92796	1.76624
-2.9154	1.76005
-2.90283	1.75394
-2.89027	1.74791
-2.8777	1.74195
-2.86513	1.73606
-2.85257	1.73024
-2.84	1.72447
-2.82743	1.71875
-2.81487	1.71305
-2.8023	1.70739
-2.78973	1.70174
-2.77717	1.69609
-2.7646	1.69044
-2.75204	1.68477
-2.73947	1.67907
-2.7269	1.67334
-2.71434	1.66756
-2.70177	1.66172
-2.6892	1.65583
-2.67664	1.64986
-2.66407	1.64381
-2.6515	1.63769
-2.63894	1.63147
-2.62637	1.62516
-2.61381	1.61874
-2.60124	1.61223
-2.58867	1.60561
-2.57611	1.59887
-2.56354	1.59203
-2.55097	1.58507
-2.53841	1.578
-2.52584	1.5708
-2.51327	1.56349
-2.50071	1.55606
-2.48814	1.54852
-2.47558	1.54085
-2.46301	1.53306
-2.45044	1.52515
-2.43788	1.51713
-2.42531	1.50899
-2.41274	1.50073
-2.40018	1.49235
-2.38761	1.48386
-2.37504	1.47525
-2.36248	1.46653
-2.34991	1.4577
-2.33734	1.44875
-2.32478	1.4397
-2.31221	1.43054
-2.29965	1.42127
-2.28708	1.41189
-2.27451	1.40241
-2.26195	1.39283
-2.24938	1.38315
-2.23681	1.37337
-2.22425	1.36349
-2.21168	1.35351
-2.19911	1.34344
-2.18655	1.33327
-2.17398	1.32301
-2.16142	1.31266
-2.14885	1.30222
-2.13628	1.2917
-2.12372	1.28109
-2.11115	1.27039
-2.09858	1.25962
-2.08602	1.24876
-2.07345	1.23783
-2.06088	1.22682
-2.04832	1.21573
-2.03575	1.20457
-2.02319	1.19334
-2.01062	1.18203
-1.99805	1.17066
-1.98549	1.15923
-1.97292	1.14772
-1.96035	1.13616
-1.94779	1.12454
-1.93522	1.11285
-1.92265	1.10111
-1.91009	1.08931
-1.89752	1.07746
-1.88496	1.06556
-1.87239	1.05361
-1.85982	1.04161
-1.84726	1.02957
-1.83469	1.01748
-1.82212	1.00535
-1.80956	0.993175
-1.79699	0.980965
-1.78442	0.968719
-1.77186	0.956438
-1.75929	0.944125
-1.74673	0.931781
-1.73416	0.919409
-1.72159	0.90701
-1.70903	0.894586
-1.69646	0.882139
-1.68389	0.869672
-1.67133	0.857186
-1.65876	0.844683
-1.64619	0.832165
-1.63363	0.819635
-1.62106	0.807093
-1.6085	0.794543
-1.59593	0.781985
-1.58336	0.769423
-1.5708	0.756857
-1.55823	0.744291
-1.54566	0.731726
-1.5331	0.719163
-1.52053	0.706606
-1.50796	0.694055
-1.4954	0.681514
-1.48283	0.668983
-1.47027	0.656465
-1.4577	0.643962
-1.44513	0.631476
-1.43257	0.619009
-1.42	0.606562
-1.40743	0.594139
-1.39487	0.58174
-1.3823	0.569367
-1.36973	0.557023
-1.35717	0.54471
-1.3446	0.53243
-1.33204	0.520183
-1.31947	0.507973
-1.3069	0.495802
-1.29434	0.48367
-1.28177	0.471581
-1.2692	0.459536
-1.25664	0.447537
-1.24407	0.435586
-1.2315	0.423684
-1.21894	0.411834
-1.20637	0.400038
-1.19381	0.388296
-1.18124	0.376613
-1.16867	0.364988
-1.15611	0.353424
-1.14354	0.341922
-1.13097	0.330486
-1.11841	0.319115
-1.10584	0.307813
-1.09327	0.296581
-1.08071	0.28542
-1.06814	0.274333
-1.05558	0.263321
-1.04301	0.252386
-1.03044	0.241529
-1.01788	0.230753
-1.00531	0.22006
-0.992743	0.209449
-0.980177	0.198925
-0.967611	0.188487
-0.955044	0.178138
-0.942478	0.16788
-0.929911	0.157713
-0.917345	0.147641
-0.904779	0.137663
-0.892212	0.127782
-0.879646	0.118
-0.86708	0.108317
-0.854513	0.0987362
-0.841947	0.089258
-0.82938	0.0798842
-0.816814	0.0706163
-0.804248	0.0614559
-0.791681	0.0524042
-0.779115	0.0434628
-0.766549	0.034633
-0.753982	0.0259163
-0.741416	0.017314
-0.728849	0.00882755
-0.716283	0.000458194
-0.703717	-0.00779271
-0.69115	-0.0159239
-0.678584	-0.023934
-0.666018	-0.0318218
-0.653451	-0.039586
-0.640885	-0.0472255
-0.628319	-0.054739
-0.615752	-0.0621253
-0.603186	-0.0693833
-0.590619	-0.0765118
-0.578053	-0.0835097
-0.565487	-0.0903759
-0.55292	-0.0971093
-0.540354	-0.103709
-0.527788	-0.110173
-0.515221	-0.116502
-0.502655	-0.122694
-0.490088	-0.128748
-0.477522	-0.134663
-0.464956	-0.140438
-0.452389	-0.146073
-0.439823	-0.151566
-0.427257	-0.156916
-0.41469	-0.162123
-0.402124	-0.167186
-0.389557	-0.172105
-0.376991	-0.176877
-0.364425	-0.181503
-0.351858	-0.185982
-0.339292	-0.190313
-0.326726	-0.194495
-0.314159	-0.198528
-0.301593	-0.202411
-0.289027	-0.206144
-0.27646	-0.209726
-0.263894	-0.213156
-0.251327	-0.216434
-0.238761	-0.219559
-0.226195	-0.222531
-0.213628	-0.225349
-0.201062	-0.228013
-0.188496	-0.230523
-0.175929	-0.232877
-0.163363	-0.235077
-0.150796	-0.237121
-0.13823	-0.239008
-0.125664	-0.24074
-0.113097	-0.242315
-0.100531	-0.243733
-0.0879646	-0.244994
-0.0753982	-0.246098
-0.0628319	-0.247045
-0.0502655	-0.247834
-0.0376991	-0.248465
-0.0251327	-0.248939
-0.0125664	-0.249255
0	-0.249413
0.0125664	-0.249413
0.0251327	-0.249255
0.0376991	-0.248939
0.0502655	-0.248465
0.0628319	-0.247834
0.0753982	-0.247045
0.0879646	-0.246098
0.100531	-0.244994
0.113097	-0.243733
0.125664	-0.242315
0.13823	-0.24074
0.150796	-0.239008
0.163363	-0.237121
0.175929	-0.235077
0.188496	-0.232877
0.201062	-0.230523
0.213628	-0.228013
0.226195	-0.225349
0.238761	-0.222531
0.251327	-0.219559
0.263894	-0.216434
0.27646	-0.213156
0.289027	-0.209726
0.301593	-0.206144
0.314159	-0.202411
0.326726	-0.198528
0.339292	-0.194495
0.351858	-0.190313
0.364425	-0.185982
0.376991	-0.181503
0.389557	-0.176877
0.402124	-0.172105
0.41469	-0.167186
0.427257	-0.162123
0.439823	-0.156916
0.452389	-0.151566
0.464956	-0.146073
0.477522	-0.140438
0.490088	-0.134663
0.502655	-0.128748
0.515221	-0.122694
0.527788	-0.116502
0.540354	-0.110173
0.55292	-0.103709
0.565487	-0.0971093
0.578053	-0.0903759
0.590619	-0.0835097
0.603186	-0.0765118
0.615752	-0.0693833
0.628319	-0.0621253
0.640885	-0.054739
0.653451	-0.0472255
0.666018	-0.039586
0.678584	-0.0318218
0.69115	-0.023934
0.703717	-0.0159239
0.716283	-0.00779271
0.728849	0.000458194
0.741416	0.00882755
0.753982	0.017314
0.766549	0.0259163
0.779115	0.034633
0.791681	0.0434628
0.804248	0.0524042
0.816814	0.0614559
0.82938	0.0706163
0.841947	0.0798842
0.854513	0.089258
0.86708	0.0987362
0.879646	0.108317
0.892212	0.118
0.904779	0.127782
0.917345	0.137663
0.929911	0.147641
0.942478	0.157713
0.955044	0.16788
0.967611	0.178138
0.980177	0.188487
0.992743	0.198925
1.00531	0.209449
1.01788	0.22006
1.03044	0.230753
1.04301	0.241529
1.05558	0.252386
1.06814	0.263321
1.08071	0.274333
1.09327	0.28542
1.10584	0.296581
1.11841	0.307813
1.13097	0.319115
1.14354	0.330486
1.15611	0.341922
1.16867	0.353424
1.18124	0.364988
1.19381	0.376613
1.20637	0.388296
1.21894	0.400038
1.2315	0.411834
1.24407	0.423684
1.25664	0.435586
1.2692	0.447537
1.28177	0.459536
1.29434	0.471581
1.3069	0.48367
1.31947	0.495802
1.33204	0.507973
1.3446	0.520183
1.35717	0.53243
1.36973	0.54471
1.3823	0.557023
1.39487	0.569367
1.40743	0.58174
1.42	0.594139
1.43257	0.606562
1.44513	0.619009
1.4577	0.631476
1.47027	0.643962
1.48283	0.656465
1.4954	0.668983
1.50796	0.681514
1.52053	0.694055
1.5331	0.706606
1.54566	0.719163
1.55823	0.731726
1.5708	0.744291
1.58336	0.756857
1.59593	0.769423
1.6085	0.781985
1.62106	0.794543
1.63363	0.807093
1.64619	0.819635
1.65876	0.832165
1.67133	0.844683
1.68389	0.857186
1.69646	0.869672
1.70903	0.882139
1.72159	0.894586
1.73416	0.90701
1.74673	0.919409
1.75929	0.931781
1.77186	0.944125
1.78442	0.956438
1.79699	0.968719
1.80956	0.980965
1.82212	0.993175
1.83469	1.00535
1.84726	1.01748
1.85982	1.02957
1.87239	1.04161
1.88496	1.05361
1.89752	1.06556
1.91009	1.07746
1.92265	1.08931
1.93522	1.10111
1.94779	1.11285
1.96035	1.12454
1.97292	1.13616
1.98549	1.14772
1.99805	1.15923
2.01062	1.17066
2.02319	1.18203
2.03575	1.19334
2.04832	1.20457
2.06088	1.21573
2.07345	1.22682
2.08602	1.23783
2.09858	1.24876
2.11115	1.25962
2.12372	1.27039
2.13628	1.28109
2.14885	1.2917
2.16142	1.30222
2.17398	1.31266
2.18655	1.32301
2.19911	1.33327
2.21168	1.34344
2.22425	1.35351
2.23681	1.36349
2.24938	1.37337
2.26195	1.38315
2.27451	1.39283
2.28708	1.40241
2.29965	1.41189
2.31221	1.42127
2.32478	1.43054
2.33734	1.4397
2.34991	1.44875
2.36248	1.4577
2.37504	1.46653
2.38761	1.47525
2.40018	1.48386
2.41274	1.49235
2.42531	1.50073
2.43788	1.50899
2.45044	1.51713
2.46301	1.52515
2.47558	1.53306
2.48814	1.54085
2.50071	1.54852
2.51327	1.55606
2.52584	1.56349
2.53841	1.5708
2.55097	1.578
2.56354	1.58507
2.57611	1.59203
2.58867	1.59887
2.60124	1.60561
2.61381	1.61223
2.62637	1.61874
2.63894	1.62516
2.6515	1.63147
2.66407	1.63769
2.67664	1.64381
2.6892	1.64986
2.70177	1.65583
2.71434	1.66172
2.7269	1.66756
2.73947	1.67334
2.75204	1.67907
2.7646	1.68477
2.77717	1.69044
2.78973	1.69609
2.8023	1.70174
2.81487	1.70739
2.82743	1.71305
2.84	1.71875
2.85257	1.72447
2.86513	1.73024
2.8777	1.73606
2.89027	1.74195
2.90283	1.74791
2.9154	1.75394
2.92796	1.76005
2.94053	1.76624
2.9531	1.77253
2.96566	1.77889
2.97823	1.78534
2.9908	1.79187
3.00336	1.79848
3.01593	1.80514
3.0285	1.81187
3.04106	1.81863
3.05363	1.82542
3.06619	1.83222
3.07876	1.83902
3.09133	1.84579
3.10389	1.8525
3.11646	1.85915
3.12903	1.8657
3.14159	1.87213
3.15416	1.87841
3.16673	1.88452
3.17929	1.89044
3.19186	1.89614
3.20442	1.90159
3.21699	1.90678
3.22956	1.91168
3.24212	1.91628
3.25469	1.92055
3.26726	1.92447
3.27982	1.92805
3.29239	1.93125
3.30496	1.93408
3.31752	1.93652
3.33009	1.93857
3.34265	1.94023
3.35522	1.94149
3.36779	1.94236
3.38035	1.94283
3.39292	1.94292
3.40549	1.94263
3.41805	1.94196
3.43062	1.94092
3.44319	1.93953
3.45575	1.93779
3.46832	1.93571
3.48088	1.93331
3.49345	1.9306
3.50602	1.92758
3.51858	1.92428
3.53115	1.9207
3.54372	1.91685
3.55628	1.91275
3.56885	1.9084
3.58142	1.90382
3.59398	1.89902
3.60655	1.894
3.61911	1.88877
3.63168	1.88335
3.64425	1.87774
3.65681	1.87194
3.66938	1.86597
3.68195	1.85983
3.69451	1.85352
3.70708	1.84705
3.71965	1.84043
3.73221	1.83366
3.74478	1.82674
3.75734	1.81967
3.76991	1.81247
3.78248	1.80512
3.79504	1.79764
3.80761	1.79003
3.82018	1.78229
3.83274	1.77442
3.84531	1.76643
3.85788	1.75831
3.87044	1.75007
3.88301	1.74171
3.89557	1.73323
3.90814	1.72463
3.92071	1.71592
3.93327	1.70709
3.94584	1.69815
3.95841	1.6891
3.97097	1.67994
3.98354	1.67067
3.99611	1.6613
4.00867	1.65182
4.02124	1.64224
4.0338	1.63256
4.04637	1.62278
4.05894	1.6129
4.0715	1.60292
4.08407	1.59285
4.09664	1.58268
4.1092	1.57242
4.12177	1.56207
4.13434	1.55164
4.1469	1.54111
4.15947	1.5305
4.17204	1.51981
4.1846	1.50903
4.19717	1.49818
4.20973	1.48724
4.2223	1.47623
4.23487	1.46514
4.24743	1.45398
4.26	1.44275
4.27257	1.43145
4.28513	1.42008
4.2977	1.40864
4.31027	1.39714
4.32283	1.38557
4.3354	1.37395
4.34796	1.36226
4.36053	1.35052
4.3731	1.33873
4.38566	1.32688
4.39823	1.31498
4.4108	1.30302
4.42336	1.29102
4.43593	1.27898
4.4485	1.26689
4.46106	1.25476
4.47363	1.24259
4.48619	1.23038
4.49876	1.21813
4.51133	1.20585
4.52389	1.19354
4.53646	1.18119
4.54903	1.16882
4.56159	1.15642
4.57416	1.144
4.58673	1.13155
4.59929	1.11908
4.61186	1.1066
4.62442	1.0941
4.63699	1.08158
4.64956	1.06905
4.66212	1.05651
4.67469	1.04396
4.68726	1.0314
4.69982	1.01884
4.71239	1.00627
4.72496	0.993704
4.73752	0.981138
4.75009	0.968576
4.76265	0.956018
4.77522	0.943468
4.78779	0.930926
4.80035	0.918396
4.81292	0.905878
4.82549	0.893375
4.83805	0.880889
4.85062	0.868422
4.86319	0.855975
4.87575	0.843551
4.88832	0.831152
4.90088	0.81878
4.91345	0.806436
4.92602	0.794123
4.93858	0.781842
4.95115	0.769596
4.96372	0.757386
4.97628	0.745214
4.98885	0.733083
5.00142	0.720994
5.01398	0.708949
5.02655	0.69695
5.03911	0.684998
5.05168	0.673097
5.06425	0.661247
5.07681	0.64945
5.08938	0.637709
5.10195	0.626025
5.11451	0.6144
5.12708	0.602836
5.13965	0.591335
5.15221	0.579898
5.16478	0.568528
5.17734	0.557226
5.18991	0.545993
5.20248	0.534833
5.21504	0.523746
5.22761	0.512734
5.24018	0.501798
5.25274	0.490942
5.26531	0.480166
5.27788	0.469472
5.29044	0.458862
5.30301	0.448337
5.31557	0.4379
5.32814	0.427551
5.34071	0.417293
5.35327	0.407126
5.36584	0.397053
5.37841	0.387076
5.39097	0.377195
5.40354	0.367413
5.41611	0.35773
5.42867	0.348149
5.44124	0.338671
5.4538	0.329297
5.46637	0.320029
5.47894	0.310868
5.4915	0.301817
5.50407	0.292875
5.51664	0.284046
5.5292	0.275329
5.54177	0.266727
5.55434	0.25824
5.5669	0.249871
5.57947	0.24162
5.59203	0.233489
5.6046	0.225479
5.61717	0.217591
5.62973	0.209827
5.6423	0.202187
5.65487	0.194674
5.66743	0.187287
5.68	0.180029
5.69257	0.172901
5.70513	0.165903
5.7177	0.159037
5.73027	0.152303
5.74283	0.145704
5.7554	0.139239
5.76796	0.13291
5.78053	0.126719
5.7931	0.120665
5.80566	0.11475
5.81823	0.108974
5.8308	0.10334
5.84336	0.0978469
5.85593	0.0924964
5.8685	0.0872892
5.88106	0.0822262
5.89363	0.077308
5.90619	0.0725356
5.91876	0.0679096
5.93133	0.0634308
5.94389	0.0590999
5.95646	0.0549175
5.96903	0.0508845
5.98159	0.0470012
5.99416	0.0432685
6.00673	0.0396868
6.01929	0.0362568
6.03186	0.032979
6.04442	0.0298539
6.05699	0.0268819
6.06956	0.0240637
6.08212	0.0213995
6.09469	0.0188899
6.10726	0.0165352
6.11982	0.0143358
6.13239	0.012292
6.14496	0.0104042
6.15752	0.00867269
6.17009	0.0070977
6.18265	0.00567951
6.19522	0.00441833
6.20779	0.00331435
6.22035	0.00236777
6.23292	0.00157872
6.24549	0.000947332
6.25805	0.000473704
6.27062	0.00015791
6.28319	-4.81036e-15
