-6.000000	0.000000
-5.988000	0.037690
-5.976000	0.075327
-5.964000	0.112856
-5.952000	0.150226
-5.940000	0.187381
-5.928000	0.224271
-5.916000	0.260842
-5.904000	0.297042
-5.892000	0.332820
-5.880000	0.368125
-5.868000	0.402906
-5.856000	0.437116
-5.844000	0.470704
-5.832000	0.503623
-5.820000	0.535827
-5.808000	0.567269
-5.796000	0.597905
-5.784000	0.627691
-5.772000	0.656586
-5.760000	0.684547
-5.748000	0.711536
-5.736000	0.737513
-5.724000	0.762443
-5.712000	0.786288
-5.700000	0.809017
-5.688000	0.830596
-5.676000	0.850994
-5.664000	0.870184
-5.652000	0.888136
-5.640000	0.904827
-5.628000	0.920232
-5.616000	0.934329
-5.604000	0.947098
-5.592000	0.958522
-5.580000	0.968583
-5.568000	0.977268
-5.556000	0.984564
-5.544000	0.990461
-5.532000	0.994951
-5.520000	0.998027
-5.508000	0.999684
-5.496000	0.999921
-5.484000	0.998737
-5.472000	0.996134
-5.460000	0.992115
-5.448000	0.986686
-5.436000	0.979855
-5.424000	0.971632
-5.412000	0.962028
-5.400000	0.951057
-5.388000	0.938734
-5.376000	0.925077
-5.364000	0.910106
-5.352000	0.893841
-5.340000	0.876306
-5.328000	0.857526
-5.316000	0.837526
-5.304000	0.816334
-5.292000	0.793978
-5.280000	0.770485
-5.268000	0.745876
-5.256000	0.720167
-5.244000	0.693354
-5.232000	0.665401
-5.220000	0.636224
-5.208000	0.605653
-5.196000	0.573406
-5.184000	0.539039
-5.172000	0.501913
-5.160000	0.461172
-5.148000	0.415759
-5.136000	0.364489
-5.124000	0.306184
-5.112000	0.239901
-5.100000	0.165203
-5.088000	0.082453
-5.076000	-0.006943
-5.064000	-0.100422
-5.052000	-0.194341
-5.040000	-0.284291
-5.028000	-0.365614
-5.016000	-0.434058
-5.004000	-0.486438
-4.992000	-0.521159
-4.980000	-0.538481
-4.968000	-0.540467
-4.956000	-0.530619
-4.944000	-0.513294
-4.932000	-0.493028
-4.920000	-0.473920
-4.908000	-0.459171
-4.896000	-0.450853
-4.884000	-0.449901
-4.872000	-0.456281
-4.860000	-0.469254
-4.848000	-0.487672
-4.836000	-0.510239
-4.824000	-0.535706
-4.812000	-0.562986
-4.800000	-0.591205
-4.788000	-0.619706
-4.776000	-0.648018
-4.764000	-0.675816
-4.752000	-0.702884
-4.740000	-0.729078
-4.728000	-0.754301
-4.716000	-0.778484
-4.704000	-0.801576
-4.692000	-0.823536
-4.680000	-0.844329
-4.668000	-0.863924
-4.656000	-0.882291
-4.644000	-0.899405
-4.632000	-0.915241
-4.620000	-0.929776
-4.608000	-0.942991
-4.596000	-0.954865
-4.584000	-0.965382
-4.572000	-0.974527
-4.560000	-0.982287
-4.548000	-0.988652
-4.536000	-0.993611
-4.524000	-0.997159
-4.512000	-0.999289
-4.500000	-1.000000
-4.488000	-0.999289
-4.476000	-0.997159
-4.464000	-0.993611
-4.452000	-0.988652
-4.440000	-0.982287
-4.428000	-0.974527
-4.416000	-0.965382
-4.404000	-0.954865
-4.392000	-0.942991
-4.380000	-0.929776
-4.368000	-0.915241
-4.356000	-0.899405
-4.344000	-0.882291
-4.332000	-0.863923
-4.320000	-0.844328
-4.308000	-0.823533
-4.296000	-0.801567
-4.284000	-0.778462
-4.272000	-0.754251
-4.260000	-0.728969
-4.248000	-0.702650
-4.236000	-0.675333
-4.224000	-0.647056
-4.212000	-0.617860
-4.200000	-0.587785
-4.188000	-0.556876
-4.176000	-0.525175
-4.164000	-0.492727
-4.152000	-0.459580
-4.140000	-0.425779
-4.128000	-0.391374
-4.116000	-0.356412
-4.104000	-0.320944
-4.092000	-0.285019
-4.080000	-0.248690
-4.068000	-0.212007
-4.056000	-0.175023
-4.044000	-0.137790
-4.032000	-0.100362
-4.020000	-0.062791
-4.008000	-0.025130
-3.996000	0.012566
-3.984000	0.050244
-3.972000	0.087851
-3.960000	0.125333
-3.948000	0.162637
-3.936000	0.199710
-3.924000	0.236499
-3.912000	0.272952
-3.900000	0.309017
-3.888000	0.344643
-3.876000	0.379779
-3.864000	0.414376
-3.852000	0.448383
-3.840000	0.481754
-3.828000	0.514440
-3.816000	0.546394
-3.804000	0.577573
-3.792000	0.607930
-3.780000	0.637424
-3.768000	0.666012
-3.756000	0.693653
-3.744000	0.720309
-3.732000	0.745941
-3.720000	0.770513
-3.708000	0.793990
-3.696000	0.816339
-3.684000	0.837528
-3.672000	0.857527
-3.660000	0.876307
-3.648000	0.893841
-3.636000	0.910106
-3.624000	0.925077
-3.612000	0.938734
-3.600000	0.951057
-3.588000	0.962028
-3.576000	0.971632
-3.564000	0.979855
-3.552000	0.986686
-3.540000	0.992115
-3.528000	0.996134
-3.516000	0.998737
-3.504000	0.999921
-3.492000	0.999684
-3.480000	0.998027
-3.468000	0.994951
-3.456000	0.990461
-3.444000	0.984564
-3.432000	0.977268
-3.420000	0.968583
-3.408000	0.958522
-3.396000	0.947098
-3.384000	0.934329
-3.372000	0.920232
-3.360000	0.904827
-3.348000	0.888137
-3.336000	0.870184
-3.324000	0.850996
-3.312000	0.830599
-3.300000	0.809024
-3.288000	0.786305
-3.276000	0.762480
-3.264000	0.737598
-3.252000	0.711718
-3.240000	0.684928
-3.228000	0.657354
-3.216000	0.629183
-3.204000	0.600701
-3.192000	0.572325
-3.180000	0.544646
-3.168000	0.518464
-3.156000	0.494798
-3.144000	0.474851
-3.132000	0.459924
-3.120000	0.451238
-3.108000	0.449701
-3.096000	0.455615
-3.084000	0.468393
-3.072000	0.486350
-3.060000	0.506648
-3.048000	0.525448
-3.036000	0.538295
-3.024000	0.540698
-3.012000	0.528799
-3.000000	0.500000
-2.988000	0.453418
-2.976000	0.390045
-2.964000	0.312582
-2.952000	0.224997
-2.940000	0.131886
-2.928000	0.037809
-2.916000	-0.053290
-2.904000	-0.138468
-2.892000	-0.215938
-2.880000	-0.285011
-2.868000	-0.345889
-2.856000	-0.399380
-2.844000	-0.446610
-2.832000	-0.488782
-2.820000	-0.527008
-2.808000	-0.562213
-2.796000	-0.595109
-2.784000	-0.626200
-2.772000	-0.655818
-2.760000	-0.684166
-2.748000	-0.711353
-2.736000	-0.737429
-2.724000	-0.762405
-2.712000	-0.786272
-2.700000	-0.809010
-2.688000	-0.830593
-2.676000	-0.850993
-2.664000	-0.870183
-2.652000	-0.888136
-2.640000	-0.904827
-2.628000	-0.920232
-2.616000	-0.934329
-2.604000	-0.947098
-2.592000	-0.958522
-2.580000	-0.968583
-2.568000	-0.977268
-2.556000	-0.984564
-2.544000	-0.990461
-2.532000	-0.994951
-2.520000	-0.998027
-2.508000	-0.999684
-2.496000	-0.999921
-2.484000	-0.998737
-2.472000	-0.996134
-2.460000	-0.992115
-2.448000	-0.986686
-2.436000	-0.979855
-2.424000	-0.971632
-2.412000	-0.962028
-2.400000	-0.951057
-2.388000	-0.938734
-2.376000	-0.925077
-2.364000	-0.910106
-2.352000	-0.893841
-2.340000	-0.876307
-2.328000	-0.857527
-2.316000	-0.837528
-2.304000	-0.816339
-2.292000	-0.793990
-2.280000	-0.770513
-2.268000	-0.745941
-2.256000	-0.720309
-2.244000	-0.693653
-2.232000	-0.666012
-2.220000	-0.637424
-2.208000	-0.607930
-2.196000	-0.577573
-2.184000	-0.546394
-2.172000	-0.514440
-2.160000	-0.481754
-2.148000	-0.448383
-2.136000	-0.414376
-2.124000	-0.379779
-2.112000	-0.344643
-2.100000	-0.309017
-2.088000	-0.272952
-2.076000	-0.236499
-2.064000	-0.199710
-2.052000	-0.162637
-2.040000	-0.125333
-2.028000	-0.087851
-2.016000	-0.050244
-2.004000	-0.012566
-1.992000	0.025130
-1.980000	0.062791
-1.968000	0.100362
-1.956000	0.137790
-1.944000	0.175023
-1.932000	0.212007
-1.920000	0.248690
-1.908000	0.285019
-1.896000	0.320944
-1.884000	0.356412
-1.872000	0.391374
-1.860000	0.425779
-1.848000	0.459580
-1.836000	0.492727
-1.824000	0.525175
-1.812000	0.556876
-1.800000	0.587785
-1.788000	0.617860
-1.776000	0.647056
-1.764000	0.675333
-1.752000	0.702650
-1.740000	0.728969
-1.728000	0.754251
-1.716000	0.778462
-1.704000	0.801567
-1.692000	0.823533
-1.680000	0.844328
-1.668000	0.863923
-1.656000	0.882291
-1.644000	0.899405
-1.632000	0.915241
-1.620000	0.929776
-1.608000	0.942991
-1.596000	0.954865
-1.584000	0.965382
-1.572000	0.974527
-1.560000	0.982287
-1.548000	0.988652
-1.536000	0.993611
-1.524000	0.997159
-1.512000	0.999289
-1.500000	1.000000
-1.488000	0.999289
-1.476000	0.997159
-1.464000	0.993611
-1.452000	0.988652
-1.440000	0.982287
-1.428000	0.974527
-1.416000	0.965382
-1.404000	0.954865
-1.392000	0.942991
-1.380000	0.929776
-1.368000	0.915241
-1.356000	0.899405
-1.344000	0.882291
-1.332000	0.863923
-1.320000	0.844326
-1.308000	0.823529
-1.296000	0.801558
-1.284000	0.778441
-1.272000	0.754202
-1.260000	0.728859
-1.248000	0.702416
-1.236000	0.674849
-1.224000	0.646094
-1.212000	0.616013
-1.200000	0.584365
-1.188000	0.550765
-1.176000	0.514643
-1.164000	0.475215
-1.152000	0.431488
-1.140000	0.382305
-1.128000	0.326466
-1.116000	0.262923
-1.104000	0.191035
-1.092000	0.110868
-1.080000	0.023460
-1.068000	-0.069014
-1.056000	-0.163247
-1.044000	-0.255038
-1.032000	-0.339743
-1.020000	-0.412900
-1.008000	-0.470898
-0.996000	-0.511570
-0.984000	-0.534547
-0.972000	-0.541316
-0.960000	-0.534958
-0.948000	-0.519616
-0.936000	-0.499842
-0.924000	-0.479941
-0.912000	-0.463451
-0.900000	-0.452831
-0.888000	-0.449385
-0.876000	-0.453374
-0.864000	-0.464263
-0.852000	-0.481007
-0.840000	-0.502336
-0.828000	-0.526966
-0.816000	-0.553750
-0.804000	-0.581739
-0.792000	-0.610207
-0.780000	-0.638624
-0.768000	-0.666622
-0.756000	-0.693953
-0.744000	-0.720451
-0.732000	-0.746006
-0.720000	-0.770542
-0.708000	-0.794003
-0.696000	-0.816344
-0.684000	-0.837530
-0.672000	-0.857527
-0.660000	-0.876307
-0.648000	-0.893842
-0.636000	-0.910106
-0.624000	-0.925077
-0.612000	-0.938734
-0.600000	-0.951057
-0.588000	-0.962028
-0.576000	-0.971632
-0.564000	-0.979855
-0.552000	-0.986686
-0.540000	-0.992115
-0.528000	-0.996134
-0.516000	-0.998737
-0.504000	-0.999921
-0.492000	-0.999684
-0.480000	-0.998027
-0.468000	-0.994951
-0.456000	-0.990461
-0.444000	-0.984564
-0.432000	-0.977268
-0.420000	-0.968583
-0.408000	-0.958522
-0.396000	-0.947098
-0.384000	-0.934329
-0.372000	-0.920232
-0.360000	-0.904827
-0.348000	-0.888136
-0.336000	-0.870184
-0.324000	-0.850994
-0.312000	-0.830596
-0.300000	-0.809017
-0.288000	-0.786288
-0.276000	-0.762443
-0.264000	-0.737513
-0.252000	-0.711536
-0.240000	-0.684547
-0.228000	-0.656586
-0.216000	-0.627691
-0.204000	-0.597905
-0.192000	-0.567269
-0.180000	-0.535827
-0.168000	-0.503623
-0.156000	-0.470704
-0.144000	-0.437116
-0.132000	-0.402906
-0.120000	-0.368125
-0.108000	-0.332820
-0.096000	-0.297042
-0.084000	-0.260842
-0.072000	-0.224271
-0.060000	-0.187381
-0.048000	-0.150226
-0.036000	-0.112856
-0.024000	-0.075327
-0.012000	-0.037690
0.000000	0.000000
0.012000	0.037690
0.024000	0.075327
0.036000	0.112856
0.048000	0.150226
0.060000	0.187381
0.072000	0.224271
0.084000	0.260842
0.096000	0.297042
0.108000	0.332820
0.120000	0.368125
0.132000	0.402906
0.144000	0.437116
0.156000	0.470704
0.168000	0.503623
0.180000	0.535827
0.192000	0.567269
0.204000	0.597905
0.216000	0.627691
0.228000	0.656586
0.240000	0.684547
0.252000	0.711536
0.264000	0.737513
0.276000	0.762443
0.288000	0.786288
0.300000	0.809017
0.312000	0.830596
0.324000	0.850994
0.336000	0.870184
0.348000	0.888136
0.360000	0.904827
0.372000	0.920232
0.384000	0.934329
0.396000	0.947098
0.408000	0.958522
0.420000	0.968583
0.432000	0.977268
0.444000	0.984564
0.456000	0.990461
0.468000	0.994951
0.480000	0.998027
0.492000	0.999684
0.504000	0.999921
0.516000	0.998737
0.528000	0.996134
0.540000	0.992115
0.552000	0.986686
0.564000	0.979855
0.576000	0.971632
0.588000	0.962028
0.600000	0.951057
0.612000	0.938734
0.624000	0.925077
0.636000	0.910106
0.648000	0.893842
0.660000	0.876307
0.672000	0.857527
0.684000	0.837530
0.696000	0.816344
0.708000	0.794003
0.720000	0.770542
0.732000	0.746006
0.744000	0.720451
0.756000	0.693953
0.768000	0.666622
0.780000	0.638624
0.792000	0.610207
0.804000	0.581739
0.816000	0.553750
0.828000	0.526966
0.840000	0.502336
0.852000	0.481007
0.864000	0.464263
0.876000	0.453374
0.888000	0.449385
0.900000	0.452831
0.912000	0.463451
0.924000	0.479941
0.936000	0.499842
0.948000	0.519616
0.960000	0.534958
0.972000	0.541316
0.984000	0.534547
0.996000	0.511570
1.008000	0.470898
1.020000	0.412900
1.032000	0.339743
1.044000	0.255038
1.056000	0.163247
1.068000	0.069014
1.080000	-0.023460
1.092000	-0.110868
1.104000	-0.191035
1.116000	-0.262923
1.128000	-0.326466
1.140000	-0.382305
1.152000	-0.431488
1.164000	-0.475215
1.176000	-0.514643
1.188000	-0.550765
1.200000	-0.584365
1.212000	-0.616013
1.224000	-0.646094
1.236000	-0.674849
1.248000	-0.702416
1.260000	-0.728859
1.272000	-0.754202
1.284000	-0.778441
1.296000	-0.801558
1.308000	-0.823529
1.320000	-0.844326
1.332000	-0.863923
1.344000	-0.882291
1.356000	-0.899405
1.368000	-0.915241
1.380000	-0.929776
1.392000	-0.942991
1.404000	-0.954865
1.416000	-0.965382
1.428000	-0.974527
1.440000	-0.982287
1.452000	-0.988652
1.464000	-0.993611
1.476000	-0.997159
1.488000	-0.999289
1.500000	-1.000000
1.512000	-0.999289
1.524000	-0.997159
1.536000	-0.993611
1.548000	-0.988652
1.560000	-0.982287
1.572000	-0.974527
1.584000	-0.965382
1.596000	-0.954865
1.608000	-0.942991
1.620000	-0.929776
1.632000	-0.915241
1.644000	-0.899405
1.656000	-0.882291
1.668000	-0.863923
1.680000	-0.844328
1.692000	-0.823533
1.704000	-0.801567
1.716000	-0.778462
1.728000	-0.754251
1.740000	-0.728969
1.752000	-0.702650
1.764000	-0.675333
1.776000	-0.647056
1.788000	-0.617860
1.800000	-0.587785
1.812000	-0.556876
1.824000	-0.525175
1.836000	-0.492727
1.848000	-0.459580
1.860000	-0.425779
1.872000	-0.391374
1.884000	-0.356412
1.896000	-0.320944
1.908000	-0.285019
1.920000	-0.248690
1.932000	-0.212007
1.944000	-0.175023
1.956000	-0.137790
1.968000	-0.100362
1.980000	-0.062791
1.992000	-0.025130
2.004000	0.012566
2.016000	0.050244
2.028000	0.087851
2.040000	0.125333
2.052000	0.162637
2.064000	0.199710
2.076000	0.236499
2.088000	0.272952
2.100000	0.309017
2.112000	0.344643
2.124000	0.379779
2.136000	0.414376
2.148000	0.448383
2.160000	0.481754
2.172000	0.514440
2.184000	0.546394
2.196000	0.577573
2.208000	0.607930
2.220000	0.637424
2.232000	0.666012
2.244000	0.693653
2.256000	0.720309
2.268000	0.745941
2.280000	0.770513
2.292000	0.793990
2.304000	0.816339
2.316000	0.837528
2.328000	0.857527
2.340000	0.876307
2.352000	0.893841
2.364000	0.910106
2.376000	0.925077
2.388000	0.938734
2.400000	0.951057
2.412000	0.962028
2.424000	0.971632
2.436000	0.979855
2.448000	0.986686
2.460000	0.992115
2.472000	0.996134
2.484000	0.998737
2.496000	0.999921
2.508000	0.999684
2.520000	0.998027
2.532000	0.994951
2.544000	0.990461
2.556000	0.984564
2.568000	0.977268
2.580000	0.968583
2.592000	0.958522
2.604000	0.947098
2.616000	0.934329
2.628000	0.920232
2.640000	0.904827
2.652000	0.888136
2.664000	0.870183
2.676000	0.850993
2.688000	0.830593
2.700000	0.809010
2.712000	0.786272
2.724000	0.762405
2.736000	0.737429
2.748000	0.711353
2.760000	0.684166
2.772000	0.655818
2.784000	0.626200
2.796000	0.595109
2.808000	0.562213
2.820000	0.527008
2.832000	0.488782
2.844000	0.446610
2.856000	0.399380
2.868000	0.345889
2.880000	0.285011
2.892000	0.215938
2.904000	0.138468
2.916000	0.053290
2.928000	-0.037809
2.940000	-0.131886
2.952000	-0.224997
2.964000	-0.312582
2.976000	-0.390045
2.988000	-0.453418
3.000000	-0.500000
3.012000	-0.528799
3.024000	-0.540698
3.036000	-0.538295
3.048000	-0.525448
3.060000	-0.506648
3.072000	-0.486350
3.084000	-0.468393
3.096000	-0.455615
3.108000	-0.449701
3.120000	-0.451238
3.132000	-0.459924
3.144000	-0.474851
3.156000	-0.494798
3.168000	-0.518464
3.180000	-0.544646
3.192000	-0.572325
3.204000	-0.600701
3.216000	-0.629183
3.228000	-0.657354
3.240000	-0.684928
3.252000	-0.711718
3.264000	-0.737598
3.276000	-0.762480
3.288000	-0.786305
3.300000	-0.809024
3.312000	-0.830599
3.324000	-0.850996
3.336000	-0.870184
3.348000	-0.888137
3.360000	-0.904827
3.372000	-0.920232
3.384000	-0.934329
3.396000	-0.947098
3.408000	-0.958522
3.420000	-0.968583
3.432000	-0.977268
3.444000	-0.984564
3.456000	-0.990461
3.468000	-0.994951
3.480000	-0.998027
3.492000	-0.999684
3.504000	-0.999921
3.516000	-0.998737
3.528000	-0.996134
3.540000	-0.992115
3.552000	-0.986686
3.564000	-0.979855
3.576000	-0.971632
3.588000	-0.962028
3.600000	-0.951057
3.612000	-0.938734
3.624000	-0.925077
3.636000	-0.910106
3.648000	-0.893841
3.660000	-0.876307
3.672000	-0.857527
3.684000	-0.837528
3.696000	-0.816339
3.708000	-0.793990
3.720000	-0.770513
3.732000	-0.745941
3.744000	-0.720309
3.756000	-0.693653
3.768000	-0.666012
3.780000	-0.637424
3.792000	-0.607930
3.804000	-0.577573
3.816000	-0.546394
3.828000	-0.514440
3.840000	-0.481754
3.852000	-0.448383
3.864000	-0.414376
3.876000	-0.379779
3.888000	-0.344643
3.900000	-0.309017
3.912000	-0.272952
3.924000	-0.236499
3.936000	-0.199710
3.948000	-0.162637
3.960000	-0.125333
3.972000	-0.087851
3.984000	-0.050244
3.996000	-0.012566
4.008000	0.025130
4.020000	0.062791
4.032000	0.100362
4.044000	0.137790
4.056000	0.175023
4.068000	0.212007
4.080000	0.248690
4.092000	0.285019
4.104000	0.320944
4.116000	0.356412
4.128000	0.391374
4.140000	0.425779
4.152000	0.459580
4.164000	0.492727
4.176000	0.525175
4.188000	0.556876
4.200000	0.587785
4.212000	0.617860
4.224000	0.647056
4.236000	0.675333
4.248000	0.702650
4.260000	0.728969
4.272000	0.754251
4.284000	0.778462
4.296000	0.801567
4.308000	0.823533
4.320000	0.844328
4.332000	0.863923
4.344000	0.882291
4.356000	0.899405
4.368000	0.915241
4.380000	0.929776
4.392000	0.942991
4.404000	0.954865
4.416000	0.965382
4.428000	0.974527
4.440000	0.982287
4.452000	0.988652
4.464000	0.993611
4.476000	0.997159
4.488000	0.999289
4.500000	1.000000
4.512000	0.999289
4.524000	0.997159
4.536000	0.993611
4.548000	0.988652
4.560000	0.982287
4.572000	0.974527
4.584000	0.965382
4.596000	0.954865
4.608000	0.942991
4.620000	0.929776
4.632000	0.915241
4.644000	0.899405
4.656000	0.882291
4.668000	0.863924
4.680000	0.844329
4.692000	0.823536
4.704000	0.801576
4.716000	0.778484
4.728000	0.754301
4.740000	0.729078
4.752000	0.702884
4.764000	0.675816
4.776000	0.648018
4.788000	0.619706
4.800000	0.591205
4.812000	0.562986
4.824000	0.535706
4.836000	0.510239
4.848000	0.487672
4.860000	0.469254
4.872000	0.456281
4.884000	0.449901
4.896000	0.450853
4.908000	0.459171
4.920000	0.473920
4.932000	0.493028
4.944000	0.513294
4.956000	0.530619
4.968000	0.540467
4.980000	0.538481
4.992000	0.521159
5.004000	0.486438
5.016000	0.434058
5.028000	0.365614
5.040000	0.284291
5.052000	0.194341
5.064000	0.100422
5.076000	0.006943
5.088000	-0.082453
5.100000	-0.165203
5.112000	-0.239901
5.124000	-0.306184
5.136000	-0.364489
5.148000	-0.415759
5.160000	-0.461172
5.172000	-0.501913
5.184000	-0.539039
5.196000	-0.573406
5.208000	-0.605653
5.220000	-0.636224
5.232000	-0.665401
5.244000	-0.693354
5.256000	-0.720167
5.268000	-0.745876
5.280000	-0.770485
5.292000	-0.793978
5.304000	-0.816334
5.316000	-0.837526
5.328000	-0.857526
5.340000	-0.876306
5.352000	-0.893841
5.364000	-0.910106
5.376000	-0.925077
5.388000	-0.938734
5.400000	-0.951057
5.412000	-0.962028
5.424000	-0.971632
5.436000	-0.979855
5.448000	-0.986686
5.460000	-0.992115
5.472000	-0.996134
5.484000	-0.998737
5.496000	-0.999921
5.508000	-0.999684
5.520000	-0.998027
5.532000	-0.994951
5.544000	-0.990461
5.556000	-0.984564
5.568000	-0.977268
5.580000	-0.968583
5.592000	-0.958522
5.604000	-0.947098
5.616000	-0.934329
5.628000	-0.920232
5.640000	-0.904827
5.652000	-0.888136
5.664000	-0.870184
5.676000	-0.850994
5.688000	-0.830596
5.700000	-0.809017
5.712000	-0.786288
5.724000	-0.762443
5.736000	-0.737513
5.748000	-0.711536
5.760000	-0.684547
5.772000	-0.656586
5.784000	-0.627691
5.796000	-0.597905
5.808000	-0.567269
5.820000	-0.535827
5.832000	-0.503623
5.844000	-0.470704
5.856000	-0.437116
5.868000	-0.402906
5.880000	-0.368125
5.892000	-0.332820
5.904000	-0.297042
5.916000	-0.260842
5.928000	-0.224271
5.940000	-0.187381
5.952000	-0.150226
5.964000	-0.112856
5.976000	-0.075327
5.988000	-0.037690
